Row.names	MeanDecreaseAccuracy	MeanDecreaseGini	Rank_Gini_RF	s1	abs_coeff	Rank_absC_ENET	RankProd	RankProd_Rank
`MT-ATP6`	-0.541398504390203	0.185592960121238	522	0	0	542.5	283185	548
`MT-COX1`	1.38551365627984	0.28024855841384	237	0	0	542.5	128572.5	335
`MT-COX2`	1.97436451160014	0.217924434418245	385	0.0157685263858902	0.0157685263858902	219	84315	264
`MT-COX3`	-0.930013198062817	0.247140661621864	301	0	0	542.5	163292.5	379
`MT-CYTB`	-1.91023584656091	0.188069070055156	512	0	0	542.5	277760	538
`MT-ND2`	2.99826183148074	0.606262424456826	52	-0.195657844524046	0.195657844524046	41	2132	41
`MT-ND4`	3.04641150035931	1.0040894671517	24	-0.110533837427508	0.110533837427508	87	2088	39
aatk	0.440809092663847	0.250800170556608	293	0	0	542.5	158952.5	371
abcc8	0.500263871099101	0.173582324639234	576	-0.0390197517030605	0.0390197517030605	173	99648	291
acer2	-0.403901692085549	0.271050900790185	256	0	0	542.5	138880	346
actn4	0.758408066289152	0.26015221686317	272	-0.00279387039372736	0.00279387039372736	246	66912	233
adamtsl1	0.484445662117589	0.225249151695428	358	0	0	542.5	194215	418
adarb2	3.94395615500369	0.698017552445345	45	0.383463577267074	0.383463577267074	9	405	16
adgrb2	0.622658310552947	0.173835090320033	574	0	0	542.5	311395	597
adgrb3	1.67781602060023	0.28070200993813	234	0.0125080595343214	0.0125080595343214	226	52884	202
adgrl2	2.0638229564784	0.160343598811618	627	0	0	542.5	340147.5	644
agrn	0.711085364981247	0.204074047167921	425	0	0	542.5	230562.5	466
ahrr	0.447090167934337	0.310054660256609	193	0	0	542.5	104702.5	301
ajap1	-0.639637052810157	0.113330252358008	776	0	0	542.5	420980	780
ak5	0.301740263948449	0.178373234764616	550	0	0	542.5	298375	575
aldoc	2.2649209596806	0.499795421388242	73	-0.144259046847773	0.144259046847773	67	4891	60
alk	1.45761099853475	0.336965492327989	158	-0.0232988628896998	0.0232988628896998	206	32548	150
ankib1	1.12394720862026	0.253937436278642	283	0.0134945714129836	0.0134945714129836	222	62826	224
ankrd50	0.797564100226097	0.373885095525718	129	0.245295068302231	0.245295068302231	28	3612	55
anks1b	-0.458999032474642	0.190525153245128	494	0.0106460370285225	0.0106460370285225	231	114114	318
arhgap21	0.791633893163832	0.280311459859682	236	0	0	542.5	128030	334
arhgap23	-0.528690379594769	0.0884634903329365	814	0	0	542.5	441595	814
arpp21	0.320827639877326	0.223332268304596	364	0	0	542.5	197470	424
arrdc2	-1.59217216669696	0.3809504513271	123	-0.0657842719764778	0.0657842719764778	136	16728	115
arvcf	-0.109215196146708	0.15874863988074	634	0	0	542.5	343945	651
asic1	-0.534326622377121	0.220157839543152	376	0	0	542.5	203980	433
astn1	-1.20831970501736	0.183284429104096	526	0	0	542.5	285355	552
astn2	2.41734318516014	0.218611370844537	382	0.0550971081602518	0.0550971081602518	146	55772	212
atp1b1	2.09884144623634	0.411640116776999	105	0	0	542.5	56962.5	214
atp1b4	3.53635103587767	0.408369534441409	109	-0.167943138852512	0.167943138852512	56	6104	69
atp2a3	-0.587398872241677	0.140787392804604	698	0	0	542.5	378665	709
atp2b2	0.93957570094767	0.236627671183719	328	0	0	542.5	177940	397
avpi1	-0.189605144641146	0.115573300067255	774	0.081759212462883	0.081759212462883	112	86688	268
b4galnt4	-0.00588677613778216	0.190906986775695	491	0	0	542.5	266367.5	520
b4galt2	1.52198876075428	0.215321033013705	392	0	0	542.5	212660	441
begain	0.735612961897837	0.188202064293142	509	0	0	542.5	276132.5	535
bnc2	1.49599328057992	0.162807281164988	615	0	0	542.5	333637.5	633
brinp1	1.59567171440183	0.198057606379525	453	0	0	542.5	245752.5	490
cacna1a	1.75862613810489	0.209855114391325	412	0	0	542.5	223510	455
cacna1c	2.09750589493382	0.107248430662326	791	0	0	542.5	429117.5	793
cacna2d2	2.32197526403499	0.248694501027168	297	0.0271846745970396	0.0271846745970396	198	58806	221
cacna2d4	0.660873444558719	0.11094389526865	786	0	0	542.5	426405	789
cacnb2	0.319578236097198	0.3130134022939	187	0	0	542.5	101447.5	296
cacng2	-1.24182689011042	0.13928043323668	705	0	0	542.5	382462.5	716
cadm2	1.35847973816914	0.194205864961721	477	-0.0296139623036083	0.0296139623036083	192	91584	278.5
cadm3	2.59990750551728	0.200450786384541	443	0	0	542.5	240327.5	480
cadm4	2.68787001128319	0.530385290161471	66	0.0930602855819868	0.0930602855819868	100	6600	73
cadps	1.22350085864799	0.215005150188737	393	0	0	542.5	213202.5	442
calcrl	-0.354650206726373	0.134072698440293	725	0	0	542.5	393312.5	734
camkmt	0.570016949531707	0.172237222061127	580	0	0	542.5	314650	600
camsap2	-2.11802237779622	0.0709503400847212	823	0	0	542.5	446477.5	823
camta1	2.52569416863466	0.131849274210977	731	0	0	542.5	396567.5	739
cass4	-0.101769241737922	0.331243370017644	165	0	0	542.5	89512.5	275
cbln3	0.390632734222291	0.200743959019602	440	0	0	542.5	238700	478
cd200r1	0.428076853560202	0.289908267477847	219	0	0	542.5	118807.5	324
cd59	-1.4512633323575	0.119683510797125	767	0	0	542.5	416097.5	772
cd74	1.59952804875875	0.512260262615253	72	0	0	542.5	39060	160
cdh11	1.33795876346121	0.244061434168398	312	0	0	542.5	169260	387
cdh13	2.23528172652475	0.228602484483526	347	0.0806414164409884	0.0806414164409884	115	39905	163
cdh20	1.64565833286292	0.191311665790183	489	0	0	542.5	265282.5	518
cdh22	-0.767182565710701	0.0977348056869486	809	0	0	542.5	438882.5	810
cdh24	1.97076618250772	0.226476381131867	353	0	0	542.5	191502.5	414
cdh4	-0.57523263526811	0.157989661691935	635	0	0	542.5	344487.5	652
cdh8	1.22249491890371	0.0797084159124634	820	0	0	542.5	444850	820
celf2	0.434727974702065	0.453707383196405	85	0	0	542.5	46112.5	178
celf4	1.54333045362368	0.152059657102715	668	0	0	542.5	362390	681
celf5	0.235721204573382	0.162432580652847	617	0	0	542.5	334722.5	635
cep112	-0.157671906418813	0.185679484836869	520	0	0	542.5	282100	546
chac1	-0.304966302317706	0.203356030037113	427	0	0	542.5	231647.5	468
chd3	-2.02302946741367	0.123117975100022	763	0	0	542.5	413927.5	769
chl1	0.279792228151771	0.198678430015787	450	0	0	542.5	244125	487
clstn2	2.38967384473707	0.178134254201986	553	0	0	542.5	300002.5	578
cnksr2	2.45670547647923	0.249683099576934	294	0	0	542.5	159495	372
cntfr	1.26569776666181	0.200046869162426	444	0	0	542.5	240870	481
cntn3	1.08435790619815	0.290290476071827	217	0.00148346555282349	0.00148346555282349	253	54901	207
cntn5	0.205712685449698	0.164029226760871	608	0	0	542.5	329840	627
cntnap2	0.703997793970257	0.230740460885828	339	0	0	542.5	183907.5	406
col14a1	2.4669738184428	0.526183144584137	68	0.116749237904229	0.116749237904229	78	5304	63
col25a1	-0.864974285921883	0.168953233121133	590	0	0	542.5	320075	610
cplx1	0.210466197227426	0.231567739014853	337	0	0	542.5	182822.5	405
cpn1	-0.844139597043768	0.397936530629797	114	0.167618865773055	0.167618865773055	57	6498	72
csgr16h14orf132	-0.168772417307846	0.348001443566665	149	0	0	542.5	80832.5	261
csgr18h9orf3	-1.11027294127248	0.194537549102701	472	0	0	542.5	256060	503
csgr18h9orf85	-0.893108929756327	0.156014366307892	648	0	0	542.5	351540	664
csmd1	0.286559973115867	0.281601501782807	232	0.0187045752579975	0.0187045752579975	213	49416	192
csmd2	0.920879430322701	0.111159261515157	785	0	0	542.5	425862.5	788
cspg5	-0.742560018306282	0.105165046513707	798	0	0	542.5	432915	799
ctnna2	1.64960454085916	0.236729237570069	327	0	0	542.5	177397.5	396
ctnnbl1	1.38331562035306	0.140597248410368	699	0	0	542.5	379207.5	710
dab1	1.44397096190293	0.207152257003851	419	0	0	542.5	227307.5	462
dab2ip	0.278738557247035	0.195561787674027	464	0	0	542.5	251720	498
dcc	1.05510060908054	0.217631769939036	388	0.0715151783670011	0.0715151783670011	124	48112	188
ddost	-1.69986801160952	0.217709371746812	387	-0.0388092182501047	0.0388092182501047	174	67338	236
diaph3	1.01962136265977	0.557980630597993	61	-0.00367771399787144	0.00367771399787144	244	14884	111
dip2a	2.23479524445298	0.23352768082435	333	0	0	542.5	180652.5	402
dip2c	0.316554932896213	0.313250606398292	186	0	0	542.5	100905	295
dlg1	0.129920822147481	0.126330714456589	754	0	0	542.5	409045	761
dlg3	1.7329276688858	0.250813800664938	292	-0.117774207556095	0.117774207556095	77	22484	135
dlgap1	0.608199628496709	0.0866545129915548	816	0	0	542.5	442680	816
dnm1	2.29587089241515	0.198657640386533	451	0	0	542.5	244667.5	488
dnmt1	1.9821377424288	0.181584206231786	532	0	0	542.5	288610	557
dock3	-0.0207939504368716	0.12886051483102	743	0	0	542.5	403077.5	751
drp2	0.103610586697609	0.0937946262012106	813	0.0220044477083422	0.0220044477083422	207	168291	386
dscam	-0.27443951894026	0.158963065431912	632	0	0	542.5	342860	649
dst	0.428215971844705	0.160980996309732	624	0	0	542.5	338520	642
ebf1	0.859790664478492	0.164749372867571	604	0	0	542.5	327670	623
edil3	3.70967226384417	0.312214543043071	189	-0.226728159792366	0.226728159792366	33	6237	70
eef1b2	0.469718592483236	0.237213914671489	323	0	0	542.5	175227.5	393
efna5	0.139065034233792	0.330881913570572	166	0	0	542.5	90055	276
efnb1	0.992263199027468	0.231535763091839	338	-0.0630936724123294	0.0630936724123294	138	46644	183
efnb3	1.30979107826584	0.105845289146983	795	-0.0687028235786318	0.0687028235786318	130	103350	299
eif5a	0.909849295829917	0.269593074165814	258	0.0297255600079974	0.0297255600079974	191	49278	190
elavl2	-0.767325856383294	0.196410613371941	459	0.0592479170181764	0.0592479170181764	143	65637	231
elavl3	0.862994256532169	0.245538023002531	307	0	0	542.5	166547.5	384
elavl4	-1.14670651244089	0.21282640857772	401	0	0	542.5	217542.5	447
eno1	1.78838891371868	0.370754436227136	130	0	0	542.5	70525	244
epha5	-0.484958587508379	0.162923844507009	614	0	0	542.5	333095	632
fabp7	0.448886375785163	0.177661832896856	555	0.192042199039872	0.192042199039872	43	23865	138
fam131a	1.23590580268336	0.202691591222655	430	0.00704682055382616	0.00704682055382616	240	103200	298
fam184a	1.13352366430849	0.105796462942175	796	0	0	542.5	431830	797
fam19a2	0.931658317712306	0.189173984558929	503	0	0	542.5	272877.5	530
fam19a5	0.395909833608714	0.178284486750397	551	0	0	542.5	298917.5	576
fam222a	1.04903758518215	0.284832862502507	230	0	0	542.5	124775	331
fam65b	1.82020010612555	0.287290089523716	225	0	0	542.5	122062.5	327
fat2	2.05112422408318	0.276280240740597	244	0	0	542.5	132370	340
fat4	-2.10294630464725	0.187777997211887	513	0	0	542.5	278302.5	539
fbrsl1	1.67373889448745	0.242693752984007	316	0.0673403386362148	0.0673403386362148	132	41712	165
fchsd2	-0.689309099457828	0.263060202884389	269	0.115387498307949	0.115387498307949	83	22327	134
fgf13	1.80568993913208	0.291588032592078	216	-0.082187661993307	0.082187661993307	111	23976	139
fgfr2	1.79896309598623	0.254029871331206	282	0	0	542.5	152985	364
fgl2	1.44277734635245	0.326596091135108	168	-0.294214323667218	0.294214323667218	19	3192	49
fn1	1.08354736356201	0.402168545169616	113	0.171250787120145	0.171250787120145	52	5876	68
foxo3	0.174926043737665	0.156875886215368	642	0	0	542.5	348285	658
foxp1	-0.746330116592226	0.374125586839143	128	0	0	542.5	69440	241
foxp2	0.936642598535742	0.237199152715376	324	0	0	542.5	175770	394
frmd4a	-0.110257140042854	0.154670713826947	656	0	0	542.5	355880	670
fstl4	1.15087312593566	0.178783893874387	548	0	0	542.5	297290	573
fstl5	0.27943333048801	0.0996996480648732	807	0	0	542.5	437797.5	808
furin	1.12259667253876	0.222995608103109	366	0	0	542.5	198555	425
gabbr1	-0.133129258951047	0.195769111018936	462	0	0	542.5	250635	497
gabbr2	-1.19435014455699	0.0987249736657599	808	0	0	542.5	438340	809
gabrd	0.632691744718913	0.167076776017754	597	0	0	542.5	323872.5	617
galnt9	0.697753021371677	0.152672542476935	662	0	0	542.5	359135	676
gapdhs	4.17508972845583	1.41258134759803	14	-0.427612839586723	0.427612839586723	8	112	9
gli3	0.834456495338034	0.317252085430882	180	0.156258153057241	0.156258153057241	62	11160	95
glrb	1.17631254946632	0.185660132780036	521	0	0	542.5	282642.5	547
gnaz	2.18744426206122	0.174725920289283	566	0	0	542.5	307055	590
gng2	1.60786062056531	0.17578437533539	561	0	0	542.5	304342.5	585
gphn	1.17930469367724	0.109226663396551	788	-0.0311602062827714	0.0311602062827714	185	145780	354
gpm6b	-0.415705574411401	0.309231902970726	194	-0.18092492425748	0.18092492425748	48	9312	85
gpr153	1.31021212682058	0.202300221748343	434	0	0	542.5	235445	473
gramd1b	1.40663178892285	0.233909417140965	332	0.00792027778499903	0.00792027778499903	237	78684	256
greb1l	-0.582625907225629	0.124900285214079	758	0	0	542.5	411215	765
gria2	1.53215795789508	0.288126835335172	223	0	0	542.5	120977.5	325
gria3	1.14778032731299	0.157521762712779	636	-0.0584715573245291	0.0584715573245291	144	91584	278.5
grid2	1.12340820843522	0.193632791596326	479	0	0	542.5	259857.5	508
grik3	1.6684581106435	0.179331019227094	543	0	0	542.5	294577.5	568
grik5	0.781806258229304	0.217441531720871	389	0	0	542.5	211032.5	439
grip2	1.84806584813104	0.18985172126695	500	0	0	542.5	271250	527
grm5	1.5288378373927	0.243387650628938	314	-0.0177532570991119	0.0177532570991119	216	67824	238
grm8	0.973237751190082	0.16139444503893	620	0	0	542.5	336350	638
hdac5	2.29408278521277	0.189082916183435	504	0	0	542.5	273420	531
hectd2	5.36389996387324	0.992306849089245	25	0.338042705721724	0.338042705721724	10	250	13
helz2	4.02359039688463	1.99241740693595	10	-0.275537950088951	0.275537950088951	21	210	12
hs6st1	-2.26959164611551	0.23232209776229	336	0	0	542.5	182280	404
hspa5	0.725313200999592	0.239763189506414	320	0	0	542.5	173600	390
hspg2	0.405745476546097	0.162778858747338	616	0	0	542.5	334180	634
igdcc3	-0.787026456935088	0.129955178643672	737	0	0	542.5	399822.5	745
iglon5	1.28905029388458	0.113084611665385	777	0	0	542.5	421522.5	781
igsf21	0.394681736309226	0.352438625327347	142	-0.00817103875416594	0.00817103875416594	236	33512	151
igsf9b	1.27267737927828	0.154844800908937	655	0	0	542.5	355337.5	669
il1rapl1	1.05928197502617	0.178837324229749	547	0	0	542.5	296747.5	572
inpp4b	2.21949857566455	0.214462138702261	395	0.122587177880148	0.122587177880148	74	29230	144
inpp5a	1.47421488245878	0.426917569652174	93	0.168903562729675	0.168903562729675	55	5115	62
iqsec3	1.3949221408282	0.180279288441741	537	0	0	542.5	291322.5	562
irf8	1.12905476940968	0.519920421941998	69	0	0	542.5	37432.5	155
itm2b	1.73363975587393	0.441231766679498	88	0	0	542.5	47740	187
kcna4	0.192767821881848	0.128257037684133	747	0	0	542.5	405247.5	754
kcnip1	-0.559417462801932	0.147998700704726	677	0	0	542.5	367272.5	689
kcnip2	1.93012361120731	0.356768282890624	140	0	0	542.5	75950	252
kcnj10	-0.215063895726128	0.197906921156311	454	0	0	542.5	246295	491
kcnma1	0.431057807239399	0.300679469314855	209	0	0	542.5	113382.5	314
kctd16	1.06072058806387	0.188104268570083	511	0	0	542.5	277217.5	537
khdrbs3	0.142156196373506	0.169731401988627	587	0	0	542.5	318447.5	607
kiaa1549l	-0.323480740812709	0.087228743051167	815	0	0	542.5	442137.5	815
kiaa2022	1.0109574235283	0.157325744426842	638	0	0	542.5	346115	654
kif26a	-0.911047887096999	0.263790822919279	267	-0.0564110199892895	0.0564110199892895	145	38715	159
kif26b	-0.631750269964834	0.118300257370422	771	0	0	542.5	418267.5	776
kirrel3	1.96466767840637	0.13543575518348	721	0	0	542.5	391142.5	730
klhdc8b	1.72302606063257	0.157123711787796	639	0	0	542.5	346657.5	655
klhl29	2.23714247119171	0.229179580129083	345	0	0	542.5	187162.5	411
ksr2	0.108845903864813	0.112967736996164	779	0	0	542.5	422607.5	783
l1cam	1.06577681176977	0.161033369057318	622	0	0	542.5	337435	640
ldb2	1.4216136479227	0.167890124884986	596	0	0	542.5	323330	616
lhfp	-0.318485001546516	0.176694476880128	558	0	0	542.5	302715	582
lig1	-0.39138516162258	0.132835989633117	729	0	0	542.5	395482.5	737
limch1	1.84141746959633	0.175415107647594	564	0	0	542.5	305970	588
lmo1	1.9993269338342	0.123890301027805	760	0	0	542.5	412300	767
lmtk3	0.417246751288171	0.192907178816962	484	0	0	542.5	262570	513
LOC107372333	0.639156041415379	0.308734280394879	196	-0.0346999198429121	0.0346999198429121	180	35280	153
LOC107372375	7.16763909173879	3.20429996239194	4	-0.298184448362075	0.298184448362075	17	68	6
LOC107372614	1.99048854694957	0.150441770786115	671	0	0	542.5	364017.5	683
LOC107372638	1.35461761192199	0.542390275885823	64	-0.0205786377829295	0.0205786377829295	209	13376	104
LOC107372832	0.208423923806516	0.245521932610634	308	0	0	542.5	167090	385
LOC107373092	1.82575103171735	0.85554008722967	30	-0.287817849253787	0.287817849253787	20	600	20
LOC107373166	3.30873135905763	0.782465489147541	38	-0.0282285247324554	0.0282285247324554	196	7448	81
LOC107373192	1.47712590703165	0.275389498713074	246	0.0128183114415182	0.0128183114415182	225	55350	210
LOC107373707	1.45703076538037	0.135074848845238	722	0	0	542.5	391685	731
LOC107373739	1.65297339655883	0.285552617634531	226	0	0	542.5	122605	328
LOC107373803	1.69372879066828	0.190423988247734	495	0	0	542.5	268537.5	523
LOC107373896	2.50790005365348	0.800128822766279	34	0.00605144649699736	0.00605144649699736	241	8194	83
LOC107374080	-0.18307713471083	0.168407706786529	593	0	0	542.5	321702.5	613
LOC107374329	2.66660109513053	0.608015881922023	51	0	0	542.5	27667.5	143
LOC107374424	0.517057221836315	0.320880309612492	173	0	0	542.5	93852.5	281
LOC107374708	1.87792037243014	0.224144580606921	360	0	0	542.5	195300	420
LOC107374776	0.155026177706939	0.0746791548451713	821	0	0	542.5	445392.5	821
LOC107374801	2.09644904706087	0.0806551466731398	818	0	0	542.5	443765	818
LOC107374876	1.57240419049092	0.370138637138492	131	-0.167137328045199	0.167137328045199	58	7598	82
LOC107374898	-0.660357317274657	0.173793562908874	575	0	0	542.5	311937.5	598
LOC107374933	1.64605050942743	0.54999776440631	62	0.0752509236514148	0.0752509236514148	119	7378	80
LOC107375116	1.15286609563476	0.176957540089204	557	0	0	542.5	302172.5	581
LOC107375132	0.980278369046083	0.0803430781549931	819	0	0	542.5	444307.5	819
LOC107375202	1.26797069268238	0.210747014541853	409	0	0	542.5	221882.5	453
LOC107375207	1.98923728686666	0.187026264835689	516	0	0	542.5	279930	542
LOC107375212	1.76986834668534	0.23647872304197	329	0	0	542.5	178482.5	399
LOC107375482	0.0885113589838171	0.463447862423604	81	0.0491524361653926	0.0491524361653926	155	12555	102
LOC107375831	0.520619267674436	0.114462191187066	775	0	0	542.5	420437.5	779
LOC107375851	0.862751371329209	0.410738784426283	108	0	0	542.5	58590	219
LOC107375908	-0.855694100062239	0.340572568746175	156	0	0	542.5	84630	265
LOC107375932	2.46763232291196	0.105855401104272	794	0	0	542.5	430745	796
LOC107375957	0.177245195775958	0.130331025368086	734	0	0	542.5	398195	742
LOC107375999	1.46992048473918	0.212897487850188	400	0	0	542.5	217000	446
LOC107376036	1.22241462933647	0.271239281190301	255	0.0116108818365357	0.0116108818365357	229	58395	218
LOC107376042	1.14467665800705	0.307788764182274	198	0	0	542.5	107415	303
LOC107376132	-0.20937126939542	0.350100259081213	147	0	0	542.5	79747.5	258
LOC107376222	4.45469456111899	1.43075884903708	12	-0.275267059599312	0.275267059599312	22	264	14
LOC107376256	-0.413968173964017	0.147603944421153	678	0	0	542.5	367815	690
LOC107376289	9.91882634107158	4.93512104420971	2	-0.692825554890881	0.692825554890881	1	2	1
LOC107376361	2.44542913874895	1.06105795445228	22	-0.238368547007891	0.238368547007891	30	660	21
LOC107376384	0.0815218151812967	0.128934974042646	742	0	0	542.5	402535	750
LOC107376452	1.13447768496912	0.30613275861788	200	0	0	542.5	108500	306
LOC107376518	0.41499388438246	0.174369330173215	570	0	0	542.5	309225	594
LOC107376528	-0.132332824235617	0.41835473627092	101	0	0	542.5	54792.5	205
LOC107376625	1.29626517193216	0.142430756657838	693	0	0	542.5	375952.5	704
LOC107376653	1.65767833694648	0.119143316107237	768	0	0	542.5	416640	773
LOC107376678	0.000611522335916696	0.155474555019624	651	0	0	542.5	353167.5	666
LOC107376712	0.139565468639204	0.142599794169609	692	0	0	542.5	375410	703
LOC107376747	0.271911354369836	0.112144161603604	783	0	0	542.5	424777.5	787
LOC107376780	-1.06668155988822	0.181841861891383	531	0	0	542.5	288067.5	556
LOC107376789	0.441154153549588	0.167991268191737	595	0	0	542.5	322787.5	615
LOC107376893	-1.11645263287071	0.315981680524533	183	0	0	542.5	99277.5	290
LOC107376919	-1.5947142477472	0.126248669438448	755	0	0	542.5	409587.5	762
LOC107377035	2.18730777382486	0.194985504093063	468	-0.00494597390538008	0.00494597390538008	243	113724	315
LOC107377079	1.9522878037811	0.146711525977155	682	0	0	542.5	369985	694
LOC107377125	0.222592595950566	0.24587446110737	305	0	0	542.5	165462.5	383
LOC107377141	0.6661131810694	0.221535749596784	370	0	0	542.5	200725	429
LOC107377144	0.378939383379428	0.302187134465942	207	0.092019392383394	0.092019392383394	101	20907	129
LOC107377204	0.81880005226931	0.357046947694524	139	0.0961838594399156	0.0961838594399156	96	13344	103
LOC107377209	0.121939362530833	0.326349132612143	169	-0.017130980389676	0.017130980389676	218	36842	154
LOC107377216	1.19952502686906	0.287889167657694	224	0.0855357965589012	0.0855357965589012	109	24416	141
LOC107377226	-0.138726773591788	0.129585421803501	739	0	0	542.5	400907.5	747
LOC107377233	0.47554445705518	0.24496055940288	310	0.186822110065905	0.186822110065905	46	14260	109
LOC107377409	1.77624744877531	0.216752941840175	390	0	0	542.5	211575	440
LOC107377414	-0.0220358273135053	0.85882107184395	29	0.170249988597712	0.170249988597712	54	1566	34
LOC107377447	-0.2521217418026	0.137661630664328	712	0	0	542.5	386260	722
LOC107377564	0.418650636225532	0.152985125191725	661	0	0	542.5	358592.5	675
LOC107377647	2.38787104736066	0.217942193701217	384	0	0	542.5	208320	438
LOC107377726	-0.877008064973016	0.138521236602016	707	0	0	542.5	383547.5	718
LOC107377760	-0.0111938501594257	0.10368833023186	802	0	0	542.5	435085	803
LOC107377826	0.0923206974974225	0.174713590173829	567	0	0	542.5	307597.5	591
LOC107377833	1.51106800128461	0.152280850641417	666	0.00319573792055986	0.00319573792055986	245	163170	378
LOC107377899	0.549082207023795	0.266210094250901	262	0	0	542.5	142135	349
LOC107378124	0.153984431812713	0.136107199941114	718	0	0	542.5	389515	727
LOC107378305	1.4120994977612	0.217845494023671	386	-0.073022149030236	0.073022149030236	121	46706	184
LOC107378372	1.68678503912284	0.473630320886851	78	0.692657114750681	0.692657114750681	2	156	10
LOC107378402	1.5140351817712	0.106152249187566	793	0	0	542.5	430202.5	795
LOC107378608	0.701891721866672	0.169227120620768	589	0	0	542.5	319532.5	609
LOC107378636	1.22435048519565	0.225554137207883	356	-0.0146581425673951	0.0146581425673951	220	78320	255
LOC107378702	0.369614799080632	0.264699636301477	265	0.0259559849811383	0.0259559849811383	202	53530	203
LOC107378757	-0.0199045128693847	0.121498104764778	766	0	0	542.5	415555	771
LOC107378816	0.490974692683396	0.141377312912375	697	0	0	542.5	378122.5	708
LOC107378920	-0.314522107522823	0.444307213278065	87	0	0	542.5	47197.5	186
LOC107378928	2.36213440380136	1.42057695872811	13	0.190831295988303	0.190831295988303	44	572	18
LOC107378982	-0.644228326103332	0.102121404150357	804	0	0	542.5	436170	805
LOC107379070	0.115565561707782	0.202223788387673	435	0	0	542.5	235987.5	474
LOC107379150	0.864715518402255	0.132920035894019	728	0	0	542.5	394940	736
LOC107379168	1.31062711394203	0.202465517949252	432	-0.103512244450609	0.103512244450609	89	38448	157
LOC107379212	1.75261359214085	0.247515675611162	300	0	0	542.5	162750	377
LOC107379220	3.58371266122014	1.32741761418216	17	-0.294644546282864	0.294644546282864	18	306	15
LOC107379223	5.62586836506876	2.40612573225693	9	-0.15521850888544	0.15521850888544	64	576	19
LOC107379263	1.73825325832802	0.350447923687161	146	-0.0176092897419913	0.0176092897419913	217	31682	148
LOC107379287	1.85061889193036	0.246199672874261	304	0	0	542.5	164920	382
LOC107379332	0.172326404752123	0.10093932501933	805	0	0	542.5	436712.5	806
LOC107379380	0.820409814511978	0.168521577675309	592	0	0	542.5	321160	612
LOC107379392	1.84341199235851	0.252789090420895	287	0	0	542.5	155697.5	368
LOC107379395	5.26595655026227	1.19436597785525	19	0.127729672608605	0.127729672608605	71	1349	29
LOC107379397	2.14119500505844	0.513848317592124	71	0	0	542.5	38517.5	158
LOC107379419	2.33722417669221	0.406702592781353	110	-0.0540557165008126	0.0540557165008126	148	16280	114
LOC107379425	0.485898870421727	0.363704291772056	134	-0.0644461071676565	0.0644461071676565	137	18358	125
LOC107379435	0.58398190385312	0.416518097650099	102	0	0	542.5	55335	209
LOC107379495	1.76925497092703	0.135926940772688	720	0	0	542.5	390600	729
LOC107379575	0.852078650325918	0.157501364048497	637	0	0	542.5	345572.5	653
LOC107379598	2.97369200888435	0.670637188670915	46	0.0518370125130461	0.0518370125130461	151	6946	77
LOC107379630	-0.631075870292163	0.179736314348931	541	0	0	542.5	293492.5	566
LOC107379789	-1.73180777079209	0.241514341538945	319	0.0180402124091458	0.0180402124091458	215	68585	240
LOC107379846	1.28051462668707	0.275955598315504	245	-0.0404256052317806	0.0404256052317806	171	41895	167
LOC107379864	3.00407924896005	0.744555197996415	41	0.0439101309203793	0.0439101309203793	164	6724	74
LOC107379868	4.81941944567687	2.60608898788933	7	-0.314050578694979	0.314050578694979	14	98	8
LOC107379933	1.31877465309843	0.190856134622298	492	0	0	542.5	266910	521
LOC107380147	2.17247437396524	0.13818524257875	709	0	0	542.5	384632.5	720
LOC107380234	1.61292403659358	0.137238040719176	713	0	0	542.5	386802.5	723
LOC107380261	2.65671513168429	0.394818899863546	115	0	0	542.5	62387.5	223
LOC107380311	0.0641194533616924	0.131888656306491	730	0	0	542.5	396025	738
LOC107380316	0.795059066957005	0.209576951745883	414	0	0	542.5	224595	457
LOC107380412	1.61809128845838	0.161019407562198	623	0	0	542.5	337977.5	641
LOC107380443	-2.08530079963017	0.248358814409484	298	0	0	542.5	161665	375
LOC107380463	1.69872996604161	0.321645517849835	171	0.319802801156916	0.319802801156916	12	2052	38
LOC107380623	4.69705825047516	0.649585574614648	47	-0.103496707924871	0.103496707924871	90	4230	58
LOC107380695	0.151796940987182	0.112963977391691	780	0	0	542.5	423150	784
LOC107380714	1.50354964744038	0.164360785924328	606	0	0	542.5	328755	625
LOC107380725	0.241933515614787	0.274297872137083	248	-0.0306585192165949	0.0306585192165949	187	46376	179
LOC107380774	0.225159337077145	0.227363701673344	351	0	0	542.5	190417.5	413
LOC107380776	2.00970464347013	0.418592303329294	99	0	0	542.5	53707.5	204
LOC107380782	0.0692532291462284	0.532253695956797	65	0	0	542.5	35262.5	152
LOC107380823	1.63632470138546	0.35081375874645	145	0.0485651375230844	0.0485651375230844	157	22765	136
LOC107380902	3.24027374056952	0.878138158576819	28	-0.173071505878651	0.173071505878651	51	1428	31
LOC107380922	2.194045244708	0.160305351904607	628	0	0	542.5	340690	645
LOC107380938	-0.0690277025700113	0.117806907357407	772	0	0	542.5	418810	777
LOC107380958	0.846760828765302	0.342595541828546	154	-0.158466102704432	0.158466102704432	61	9394	86
LOC107380961	-0.469268919306152	0.210798504207686	408	0	0	542.5	221340	452
LOC107380965	0.739159083422883	0.155740189274848	650	-0.038232734161153	0.038232734161153	175	113750	316
LOC107380986	2.26062913392228	0.219333009310063	380	0	0	542.5	206150	436
LOC107380999	0.263052568264505	0.312335873589497	188	0.0970309089917848	0.0970309089917848	95	17860	121.5
LOC107381054	-1.4377221477983	0.102546969219385	803	0	0	542.5	435627.5	804
LOC107381055	-0.112013591271853	0.173113566527503	577	-0.0261560341396823	0.0261560341396823	201	115977	320
LOC107381071	0.145424145184363	0.191458729444052	488	0	0	542.5	264740	517
LOC107381078	1.32889225290343	0.319719165062621	176	0	0	542.5	95480	285
LOC107381155	-0.879207565928274	0.128502869506201	745	0	0	542.5	404162.5	753
LOC107381236	6.92602127493232	3.1244841675752	5	-0.48455873958962	0.48455873958962	5	25	4
LOC107381253	1.92259128421657	0.156960301811168	640	0	0	542.5	347200	656
LOC107381266	2.46081107814583	0.792717034213641	36	-0.181431779570072	0.181431779570072	47	1692	35
LOC107381454	-0.2390026565807	0.190373029360467	497	0.0140001816971422	0.0140001816971422	221	109837	309
LOC107381551	1.23960828627608	0.208936851623347	415	0	0	542.5	225137.5	458
LOC107381613	5.09980397530312	1.32990279329371	16	-0.0195749707385987	0.0195749707385987	211	3376	52
LOC107381668	0.364369535422647	0.34244805992174	155	0.103172395253627	0.103172395253627	91	14105	108
LOC107381692	2.78832009509189	0.194821246699552	469	-0.0740302752980227	0.0740302752980227	120	56280	213
LOC107381708	1.47335960477112	0.153537421367158	660	0	0	542.5	358050	674
LOC107381795	0.713050618345019	0.263475286832557	268	0	0	542.5	145390	353
LOC107381863	-2.53087172374898	0.139870791667112	702	0	0	542.5	380835	713
LOC107381928	1.09525595941575	0.428250020604099	92	0	0	542.5	49910	193
LOC107381931	-0.00791320408037915	0.177818814114625	554	0	0	542.5	300545	579
LOC107382039	1.42956708615173	0.156329507096687	646	0	0	542.5	350455	662
LOC107382167	3.66779359053608	0.221060352074726	372	0	0	542.5	201810	430
LOC107382168	1.23331406409687	0.144118628616956	687	0.0287675288470364	0.0287675288470364	194	133278	341
LOC107382177	0.373603218995755	0.118592173298555	770	0	0	542.5	417725	775
LOC107382180	1.89493902952427	0.392165773633191	118	0	0	542.5	64015	228
LOC107382181	1.13547260419791	0.246842224649789	302	0	0	542.5	163835	380
LOC107382198	1.45014252661826	0.232517131136527	335	0	0	542.5	181737.5	403
LOC107382233	-0.951806088589164	0.163460725593704	610	0.0294742133187198	0.0294742133187198	193	117730	322
LOC107382270	1.64199642780309	0.285391221968942	227	0.165993346303223	0.165993346303223	59	13393	105
LOC107382479	1.28671394430647	0.183085296018532	527	0	0	542.5	285897.5	553
LOC107382684	1.22502319528985	0.140146269427738	701	0	0	542.5	380292.5	712
LOC107382746	-1.08287996958496	0.112950938066242	781	0	0	542.5	423692.5	785
LOC107382807	-1.29299762643612	0.21399293175291	396	0	0	542.5	214830	443
LOC107382845	0.490044121884722	0.11701972790289	773	0	0	542.5	419352.5	778
LOC107382943	0.858633653490414	0.271944163607733	253	0.0987721459036455	0.0987721459036455	92	23276	137
LOC107383076	-0.239804776978757	0.3214785374701	172	0	0	542.5	93310	280
LOC107383082	1.60187124867777	0.172307430052061	579	0	0	542.5	314107.5	599
LOC107383368	-1.18192959885113	0.127083758672662	752	0	0	542.5	407960	759
LOC107383419	-0.629876922602135	0.146861293007827	681	0	0	542.5	369442.5	693
LOC107383425	-0.513975766992935	0.227415123299603	349	0	0	542.5	189332.5	412
LOC107383427	1.56417261549024	0.258220870131494	274	-0.150227624839047	0.150227624839047	66	18084	123
LOC107383439	3.27058507701307	0.921306115630236	27	0.204918098850027	0.204918098850027	38	1026	25
LOC107383779	-1.20762701431242	0.159773313097682	629	0	0	542.5	341232.5	646
LOC107383864	-1.52415533784663	0.180783327322258	535	0	0	542.5	290237.5	560
LOC107383869	0.0264200938421076	0.171674027845194	582	0	0	542.5	315735	602
LOC107383893	2.58062052893985	0.206120302307209	422	0.0496216824564129	0.0496216824564129	154	64988	229
LOC107383914	1.39394390573956	0.196865060764775	456	0	0	542.5	247380	493
LOC107383950	2.01127585179418	0.135996043372443	719	0	0	542.5	390057.5	728
LOC107383951	-0.916920840847166	0.251841927694218	291	0	0	542.5	157867.5	370
LOC107384018	2.63644217317454	0.381719039520287	121	0	0	542.5	65642.5	232
LOC107384047	1.49089014706433	0.170921584226341	584	0	0	542.5	316820	604
LOC107384072	1.38089358127303	0.267070643779267	260	0.036435759705133	0.036435759705133	179	46540	182
LOC107384087	2.71360096170025	0.572640252753259	58	-0.116440483972414	0.116440483972414	79	4582	59
LOC107384117	1.30817046552603	0.185122538097961	524	0	0	542.5	284270	550
LOC107384119	2.26937699839984	0.290071617851436	218	-0.0238445988372159	0.0238445988372159	204	44472	174
LOC107384125	1.67718235889297	0.13688964017933	714	0	0	542.5	387345	724
LOC107384130	0.971922894995896	0.19934364795493	446	0	0	542.5	241955	483
LOC107384193	1.19246491776497	0.127036178068842	753	0	0	542.5	408502.5	760
LOC107384195	2.04672985228573	0.196308346184483	460	-0.0606148971635152	0.0606148971635152	142	65320	230
LOC107384204	0.496412644999431	0.156212754481291	647	0	0	542.5	350997.5	663
LOC107384393	2.18981573339202	0.281058106137757	233	-0.0884302907282888	0.0884302907282888	104	24232	140
LOC107384407	0.518479512565298	0.199029347677726	448	0	0	542.5	243040	485
LOC107384523	-0.26031862360114	0.315801969188191	185	0	0	542.5	100362.5	293
LOC107384730	1.08563836450138	0.218703308912216	381	-0.0274697482237043	0.0274697482237043	197	75057	251
LOC107384860	-0.987100711276696	0.122873022095681	764	0.0484845936731692	0.0484845936731692	159	121476	326
LOC107384900	1.84776646023773	0.19461679454063	470	0	0	542.5	254975	501
LOC107385006	0.307788554300127	0.474236779863687	77	0.126770154552256	0.126770154552256	73	5621	67
LOC107385068	0.465390182326103	0.380538539323335	125	0	0	542.5	67812.5	237
LOC107385072	0.478995714360943	0.30590409470432	201	0	0	542.5	109042.5	307
LOC107385077	2.066038317237	0.528955630257139	67	-0.0207387737712283	0.0207387737712283	208	13936	107
LOC107385112	1.92271190864095	0.195006597062092	467	-0.00136028151678768	0.00136028151678768	254	118618	323
LOC107385116	0.415183426790036	0.202309325534453	433	0	0	542.5	234902.5	472
LOC107385129	0.80546131981382	0.265820299074348	263	0	0	542.5	142677.5	350
LOC107385140	0.0133091705442275	0.156960124975964	641	0	0	542.5	347742.5	657
LOC107385161	0.61217238302286	0.312143217056487	190	0	0	542.5	103075	297
LOC107385191	-0.289804637767944	0.138339502017596	708	0	0	542.5	384090	719
LOC107385213	-1.91526640965519	0.255752918675336	278	0	0	542.5	150815	361
LOC107385433	2.14736573576007	0.164215163981685	607	0	0	542.5	329297.5	626
LOC107385527	1.74393816807243	0.425673813442543	94	0	0	542.5	50995	194
LOC107385564	1.20698707071354	0.192889380943393	485	0	0	542.5	263112.5	514
LOC107385633	-0.444364108760231	0.170302054820785	585	0	0	542.5	317362.5	605
LOC107385805	1.08894205204057	0.740475812671225	42	0.115660650840046	0.115660650840046	82	3444	53
LOC107385831	1.31051640287056	0.300391904866906	210	0	0	542.5	113925	317
LOC107385867	-0.908373265192269	0.200563533912565	442	0	0	542.5	239785	479
LOC107385876	0.806015934921754	0.174366063805034	571	0	0	542.5	309767.5	595
LOC107385897	1.28362997116738	0.190397484692952	496	0	0	542.5	269080	524
LOC107385928	1.49292627786993	0.125572652256255	756	0	0	542.5	410130	763
LOC107386033	1.37325689351285	0.127570845682191	751	0	0	542.5	407417.5	758
LOC107386093	-0.79601766051647	0.177075475495246	556	0	0	542.5	301630	580
LOC107386274	0.637730107298269	0.27317575408342	251	0	0	542.5	136167.5	343
LOC107386326	1.63514142456656	0.248991017806558	296	0	0	542.5	160580	374
LOC107386372	4.92869005211991	1.61249945412234	11	-0.0381494115225053	0.0381494115225053	176	1936	36
LOC107386384	1.12801095095435	0.207897189447754	417	0	0	542.5	226222.5	460
LOC107386405	-0.417819860375939	0.335670398470521	159	-0.163849531867991	0.163849531867991	60	9540	91
LOC107386432	0.00328350999289201	0.148674819317329	675	0	0	542.5	366187.5	687
LOC107386482	1.79840119776909	0.214636375609343	394	-0.0617013643696804	0.0617013643696804	141	55554	211
LOC107386535	0.987128756673015	0.337243743131105	157	-0.0952087601739434	0.0952087601739434	97	15229	113
LOC107386588	-0.045176684151203	0.459708319083801	82	-0.00246390056505683	0.00246390056505683	249	20418	127
LOC107386602	2.70858463984612	0.179407589651149	542	0	0	542.5	294035	567
LOC107386614	-0.3235369845961	0.276472119586473	243	0	0	542.5	131827.5	339
LOC107386622	-0.387663744196751	0.10713197732757	792	0	0	542.5	429660	794
LOC107386674	1.58297609103281	0.202736363915006	429	0	0	542.5	232732.5	470
LOC107386709	0.979533477999694	0.190616701197526	493	0	0	542.5	267452.5	522
LOC107386732	0.602128457945446	0.351448588776495	143	0.0343082723587797	0.0343082723587797	181	25883	142
LOC107386738	2.68205785307763	0.418369022561409	100	-0.127313690849878	0.127313690849878	72	7200	78
LOC107386751	1.7331066404301	0.153954390068753	659	0	0	542.5	357507.5	673
LOC107386765	1.23881122886713	0.298883639016033	211	-0.232883527644143	0.232883527644143	32	6752	75
LOC107386780	-0.717858693386437	0.152574759149224	663	0	0	542.5	359677.5	677
LOC107386782	0.0324382995467554	0.189077233860363	505	0	0	542.5	273962.5	532
LOC107386783	-1.07613169104299	0.155463119513313	652	0	0	542.5	353710	667
LOC107386809	-0.266632468997282	0.265149814706807	264	0	0	542.5	143220	351
LOC107386906	0.702102483619593	0.193473526861634	480	0	0	542.5	260400	509
LOC107386946	1.09800186878413	0.163311701531868	611	0	0	542.5	331467.5	629
LOC107386975	2.98999832897424	1.4046145430927	15	-0.462253693015118	0.462253693015118	6	90	7
LOC107386976	0.302806556114363	0.146161693919667	684	0	0	542.5	371070	696
LOC107387196	1.69103386435903	0.188649475255127	506	0	0	542.5	274505	533
LOC107387207	-0.218873905972827	0.211846167058658	404	0	0	542.5	219170	448
LOC107387208	0.543153914304338	0.199281893004535	447	0	0	542.5	242497.5	484
LOC107387253	0.698125788597513	0.233269405047279	334	-0.0670662688757737	0.0670662688757737	133	44422	173
LOC107387298	3.08690561290789	0.254054343715035	281	0.0317910434600554	0.0317910434600554	184	51704	197
LOC107387333	-0.484941542708356	0.185487682997514	523	0	0	542.5	283727.5	549
LOC107387469	0.303683796507536	0.066889640071573	825	0	0	542.5	447562.5	825
LOC107387548	1.33991507294203	0.19423792311409	475	0.0128648131670177	0.0128648131670177	224	106400	302
LOC107387556	-0.138674621584569	0.209645303915258	413	0	0	542.5	224052.5	456
LOC107387648	0.919190526173949	0.425670315449997	95	0	0	542.5	51537.5	196
LOC107387748	-0.33385241249938	0.193347108765319	481	0	0	542.5	260942.5	510
LOC107387769	0.137677801830652	0.285246347725447	228	0	0	542.5	123690	329
LOC107387781	2.39258343905198	1.17101602811109	20	0.187389325736306	0.187389325736306	45	900	23
LOC107387783	0.250890310280153	0.199654434447348	445	0	0	542.5	241412.5	482
LOC107387893	1.07809748921499	0.218068675434608	383	0	0	542.5	207777.5	437
LOC107388006	2.16739821843863	0.170025068097666	586	0	0	542.5	317905	606
LOC107388024	0.748500590584665	0.175373426924689	565	0	0	542.5	306512.5	589
LOC107388359	0.887081842706587	0.366207383187998	133	0	0	542.5	72152.5	249
LOC107388377	3.63229566037463	0.56460238401822	60	-0.0876369287083438	0.0876369287083438	106	6360	71
LOC107388489	1.43761330775506	0.186644455307859	517	0	0	542.5	280472.5	543
LOC107388490	1.1183890941715	0.273525733273027	250	0.178612508631744	0.178612508631744	49	12250	101
LOC107388594	1.78820181821529	0.19426478033616	473	0	0	542.5	256602.5	504
LOC107388615	-0.0136387407011652	0.165771057716719	599	0	0	542.5	324957.5	619
LOC107388681	-0.554202471528319	0.190195460111972	499	0	0	542.5	270707.5	526
LOC107388792	3.35557147420671	0.344586451708209	153	0	0	542.5	83002.5	263
LOC107388869	-0.104383105885142	0.122460265330904	765	0	0	542.5	415012.5	770
LOC107388927	-1.13478377758201	0.10820283346774	790	0	0	542.5	428575	792
LOC107388929	2.60929013116377	0.518780164968268	70	-0.0412854169875998	0.0412854169875998	168	11760	98
LOC107389007	1.43622242404139	0.127911958493698	749	0	0	542.5	406332.5	756
LOC107389089	0.103626152435107	0.134817572877348	724	0	0	542.5	392770	733
LOC107389177	1.10598119462789	0.411405874300629	107	0	0	542.5	58047.5	216
LOC107389312	1.84294021762359	0.260427171285834	271	0.0407574043583462	0.0407574043583462	170	46070	177
LOC107389361	-0.405302518213876	0.242127588157228	317	-0.046449222408299	0.046449222408299	162	51354	195
LOC107389470	2.63129515812343	0.572770524677066	57	-0.041910895184348	0.041910895184348	167	9519	90
LOC107389496	1.89724667421744	0.226315852901958	354	0	0	542.5	192045	415
LOC107389652	0.941246917542888	0.271373432981567	254	0	0	542.5	137795	345
LOC107389725	0.756835528862985	0.362649707792517	136	0	0	542.5	73780	250
LOC107389769	-0.343112930981693	0.202548030674217	431	0	0	542.5	233817.5	471
LOC107389855	1.14641662720072	0.123870413920697	761	0	0	542.5	412842.5	768
LOC107389901	-0.945328420917093	0.158844108655925	633	0	0	542.5	343402.5	650
LOC107389969	1.86539718581912	0.230154000331463	342	-0.001254241789757	0.001254241789757	255	87210	270
LOC107390002	2.63520428705201	0.402343763467849	112	-0.0859917268141521	0.0859917268141521	108	12096	100
LOC107390133	10.8707119699513	5.67913904187744	1	-0.616083551798422	0.616083551798422	4	4	2
LOC107390186	1.71224884936607	0.15641871496811	644	0	0	542.5	349370	660
LOC107390275	2.18492715081603	0.253639051960351	284	0	0	542.5	154070	365
LOC107390366	0.285812529535564	0.16366127532759	609	0	0	542.5	330382.5	628
LOC107390386	1.29095070612746	0.169231856649585	588	0	0	542.5	318990	608
LOC107390405	0.126899448720277	0.154210315609129	657	0	0	542.5	356422.5	671
LOC107390412	2.24006346924875	0.27732284746866	242	-0.0665591665561632	0.0665591665561632	134	32428	149
LOC107390413	2.76051399418822	0.394189712445768	116	-0.0330478950747767	0.0330478950747767	182	21112	130
LOC107390457	1.40308538524149	0.161624075961355	618	0	0	542.5	335265	636
LOC107390471	2.04326059388655	0.227371996420317	350	-0.0235873265944973	0.0235873265944973	205	71750	248
LOC107390541	1.15001946494492	0.148695138336198	674	0	0	542.5	365645	686
LOC107390586	0.0598095787308995	0.332172920772199	163	0	0	542.5	88427.5	273
LOC107390658	2.43663796807028	0.171788779274116	581	0	0	542.5	315192.5	601
LOC107390709	2.66243228889857	0.219884687600761	378	0	0	542.5	205065	434
LOC107390712	0.579523505476024	0.0655896856303917	826	0	0	542.5	448105	826
LOC107390723	1.31868467365093	0.254532838807371	280	0	0	542.5	151900	363
LOC107390734	3.0173072457516	0.19210098331311	487	0	0	542.5	264197.5	516
LOC107390816	-1.71308075865956	0.136120239883294	717	0	0	542.5	388972.5	726
LOC107390838	0.745877673511576	0.164542870559852	605	0	0	542.5	328212.5	624
LOC107390874	-0.425574970904142	0.1930158127157	483	0	0	542.5	262027.5	512
LOC107390968	-0.612859130033773	0.123734027430381	762	0.0284221167304688	0.0284221167304688	195	148590	358
LOC107391008	0.803211924169182	0.204110011778758	424	0	0	542.5	230020	465
LOC107391048	0.510066945519567	0.180182426728878	539	0	0	542.5	292407.5	564
LOC107391061	1.14728936202099	0.308621029369013	197	0.0813726408550092	0.0813726408550092	113	22261	133
LOC107391066	1.16950796726263	0.464875427543216	79	0	0	542.5	42857.5	170
LOC107391254	1.29628512980922	0.135020959925065	723	0	0	542.5	392227.5	732
LOC107391261	-1.50767265028313	0.180696655615702	536	0	0	542.5	290780	561
LOC107391262	0.803165275228206	0.220915051606191	373	0	0	542.5	202352.5	431
LOC107391288	1.00929714542615	0.142117169602097	695	0	0	542.5	377037.5	706
LOC107391329	1.66100799161173	0.194583202647586	471	0	0	542.5	255517.5	502
LOC107391375	1.31264832868811	0.110871407667362	787	0	0	542.5	426947.5	790
LOC107391393	-0.427166609885977	0.254842741828981	279	0	0	542.5	151357.5	362
LOC107391501	0.827035240472806	0.165718666034162	600	0	0	542.5	325500	620
LOC107391506	-0.289311818356738	0.220746867730542	374	0	0	542.5	202895	432
LOC107391568	-0.0544105170364666	0.105109138045631	799	0	0	542.5	433457.5	800
LOC107391584	3.39410339736141	0.43594212784323	90	0.314404247599544	0.314404247599544	13	1170	27
LOC107391624	0.801870964321907	0.133507233978672	726	0	0	542.5	393855	735
LOC107391680	1.18528519147916	0.219994247975334	377	0.0412837234906219	0.0412837234906219	169	63713	227
LOC107391811	2.37798437903971	0.64782666359426	48	-0.138522510776399	0.138522510776399	68	3264	51
LOC107392021	0.977377476988809	0.150592331136066	670	0.103800065997215	0.103800065997215	88	58960	222
LOC107392080	3.47547178718924	0.243666672480211	313	0	0	542.5	169802.5	388
LOC107392086	1.1009636128052	0.178861801720791	546	0	0	542.5	296205	571
LOC107392205	-1.07743016897823	0.414927700513981	103	0.0365661654182698	0.0365661654182698	178	18334	124
LOC107392391	0.640265126709109	0.380051342220613	126	0.131531566756728	0.131531566756728	70	8820	84
LOC107392507	-0.0551719194080335	0.206855335783152	420	0.042907588758104	0.042907588758104	166	69720	242
LOC107392596	6.35938035963948	2.46984625541373	8	-0.264730547167017	0.264730547167017	23	184	11
LOC107392692	0.713810183635607	0.160624695390304	626	0	0	542.5	339605	643
LOC107392778	0.513357325978362	0.420257001297453	98	0.0516995732670016	0.0516995732670016	152	14896	112
LOC107392896	1.2199817422072	0.495739884635258	74	-0.208718871338814	0.208718871338814	37	2738	45
LOC107392929	1.14480102440408	0.252369468184752	289	0	0	542.5	156782.5	369
LOC107392959	2.53387820869796	0.18740817426285	514	0	0	542.5	278845	540
LOC107393023	2.1742643935846	0.124487616693951	759	0	0	542.5	411757.5	766
LOC107393031	0.744696936332517	0.334009940196717	162	0	0	542.5	87885	272
LOC107393036	1.3798557812193	0.268723436089318	259	0	0	542.5	140507.5	348
LOC107393132	-1.17233205550794	0.0808142785135459	817	0	0	542.5	443222.5	817
LOC107393140	1.03980419710142	0.227622189278978	348	-0.0252579328307631	0.0252579328307631	203	70644	245
LOC107393160	0.831361555356627	0.196462868271818	457	0	0	542.5	247922.5	494
LOC107393192	-0.806707082411564	0.213588642060546	397	-0.0271640271659618	0.0271640271659618	199	79003	257
LOC107393337	2.86881082474154	0.44726009935514	86	-0.258617107220887	0.258617107220887	26	2236	42
LOC107393392	4.20024389698189	0.264548251255867	266	0	0	542.5	144305	352
LOC107393501	1.95002773619399	0.188128865239974	510	0	0	542.5	276675	536
LOC107393576	-1.15421815774798	0.279771692690683	238	0	0	542.5	129115	336
LOC107393714	1.36489300753273	0.248014691052525	299	0	0	542.5	162207.5	376
LOC107393780	1.23139669301025	0.303547127673541	205	0	0	542.5	111212.5	311
LOC107393854	0.888044487069751	0.289698330910349	220	0.0659939726597594	0.0659939726597594	135	29700	146
LOC107393870	0.32148268625874	0.245810266926685	306	-0.0300595326389955	0.0300595326389955	189	57834	215
LOC107393895	0.255466240021346	0.181958816080788	530	0	0	542.5	287525	555
LOC107394017	0.963816366676794	0.1631530001736	613	0	0	542.5	332552.5	631
LOC107394186	0.525279890471749	0.176412896566251	559	0	0	542.5	303257.5	583
LOC107394327	-0.470488185115138	0.487677334182926	76	0.00835114523553834	0.00835114523553834	235	17860	121.5
LOC107394330	1.92691867962268	0.211455613980002	407	0	0	542.5	220797.5	451
LOC107394334	-0.20622332709153	0.104215750516083	800	0	0	542.5	434000	801
LOC107394356	2.42532695145575	0.226820095077679	352	-0.0439101041690091	0.0439101041690091	165	58080	217
LOC107394367	1.62912539032046	0.246541353965068	303	-0.0629516585277219	0.0629516585277219	139	42117	168
LOC107394376	0.177071715235453	0.133244309321741	727	-0.0522300959860613	0.0522300959860613	150	109050	308
LOC107394391	-0.0179096082191856	0.108529934520778	789	0	0	542.5	428032.5	791
LOC107394398	1.44104064836187	0.207773286305818	418	0	0	542.5	226765	461
LOC107394422	0.758749387357444	0.288281531014303	222	-0.00273230725192009	0.00273230725192009	247	54834	206
LOC107394502	0.879207437943108	0.236822027140311	326	0	0	542.5	176855	395
LOC107394525	0.285595183766875	0.146272355631036	683	0	0	542.5	370527.5	695
LOC107394569	-0.624826658185472	0.230323959593033	341	0	0	542.5	184992.5	408
LOC107394637	-0.801537691157932	0.171648501402619	583	0	0	542.5	316277.5	603
LOC107394665	-0.503784277372297	0.129386691971424	740	0	0	542.5	401450	748
LOC107394700	0.611566173015624	0.159557920550697	630	0	0	542.5	341775	647
LOC107394772	0.056492033071334	0.180912901038318	534	0	0	542.5	289695	559
LOC107394856	7.19023231877002	3.66908130748901	3	-0.446272652499868	0.446272652499868	7	21	3
LOC107394869	-0.303246123959688	0.302408740157678	206	0.091125773666268	0.091125773666268	103	21218	131
LOC107395084	0.316178715832137	0.241901949561569	318	-0.07219159905357	0.07219159905357	123	39114	161
LOC107395104	0.860588931968231	0.411502475688159	106	-0.0696870083677311	0.0696870083677311	128	13568	106
LOC107395531	-2.09179248228713	0.252844561491697	286	0	0	542.5	155155	367
LOC107395790	-0.7728666384623	0.112995540214947	778	0	0	542.5	422065	782
LOC107395805	-0.997133017747473	0.155020904438365	654	0.00160382495577761	0.00160382495577761	252	164808	381
LOC107396001	-1.98360238106328	0.203966909269653	426	0	0	542.5	231105	467
LOC107396038	-1.28449083513244	0.198085116447859	452	0	0	542.5	245210	489
LOC107396234	0.966955349209446	0.249328472730196	295	0	0	542.5	160037.5	373
LOC107396257	0.252515410353493	0.195411305881386	465	0	0	542.5	252262.5	499
LOC107396306	1.13582161316315	0.491442640038668	75	0	0	542.5	40687.5	164
LOC107396326	-0.046309404618045	0.152284586679815	665	0	0	542.5	360762.5	679
LOC107396394	0.842759760582145	0.212187829778152	403	-0.00585998960887285	0.00585998960887285	242	97526	288
LOC107396538	2.47421012474415	0.182560186061984	529	-0.0298249768773365	0.0298249768773365	190	100510	294
LOC107396628	1.05820475343369	0.223659289197226	363	0	0	542.5	196927.5	423
LOC107396660	-0.241119034455145	0.256227813217219	276	-0.0860835626559819	0.0860835626559819	107	29532	145
LOC107396709	0.82711037021094	0.630181644951568	50	-0.194493965542956	0.194493965542956	42	2100	40
LOC107396745	-0.0461773273954641	0.307486301092204	199	0	0	542.5	107957.5	304
LOC107396813	0.508435559799207	0.155244211573407	653	0	0	542.5	354252.5	668
LOC107396952	1.07794212015847	0.154191271533191	658	0	0	542.5	356965	672
LOC107396988	0.833305366068816	0.253443489531099	285	0	0	542.5	154612.5	366
LOC107397057	2.01414843040333	0.145537884642705	685	0	0	542.5	371612.5	697
LOC107397157	-1.09242829869119	0.293445971102007	212	0.0202604069646698	0.0202604069646698	210	44520	175
LOC107397163	2.75686989576209	0.242940915512266	315	0	0	542.5	170887.5	389
LOC107397171	0.714516893711476	0.183048950787898	528	0	0	542.5	286440	554
lrfn1	1.75445516074936	0.188208380829873	508	0	0	542.5	275590	534
lrfn2	-0.961033637167579	0.187191535251762	515	0	0	542.5	279387.5	541
lrfn5	1.80103644918594	0.0682692833392992	824	0	0	542.5	447020	824
lrp1b	-0.592464959744393	0.168068504651673	594	0	0	542.5	322245	614
lrp4	2.7431782387612	0.602189321101462	53	0.262784194452566	0.262784194452566	25	1325	28
lrrc4c	1.57269626182545	0.144836172514416	686	0	0	542.5	372155	698
lrrn3	2.48754870085674	0.378015576704222	127	0.115149749647716	0.115149749647716	84	10668	94
magi1	0.622833326949854	0.176114883661509	560	0	0	542.5	303800	584
magi2	0.211298929265865	0.278404174248846	240	0	0	542.5	130200	337
map2	1.1671699985144	0.0740271644881784	822	0	0	542.5	445935	822
mapk8ip2	1.56574155866034	0.103933838292931	801	0	0	542.5	434542.5	802
march4	1.54157874813504	0.20826016890396	416	0	0	542.5	225680	459
mdfic	1.18007156285401	0.2789408865888	239	0.662854784445743	0.662854784445743	3	717	22
mdga1	1.6191529925398	0.161177390499428	621	0	0	542.5	336892.5	639
mdga2	1.64273434813462	0.795406104710052	35	-0.238267121420298	0.238267121420298	31	1085	26
med13l	-0.713646699884656	0.414115024149303	104	0.313245022828007	0.313245022828007	15	1560	32.5
megf11	-0.117240447404464	0.179161340889914	544	0	0	542.5	295120	569
meis1	1.83300245281868	0.308928236039963	195	-0.0076395646530334	0.0076395646530334	238	46410	180
meis2	2.8607126922312	0.334416800128118	161	0	0	542.5	87342.5	271
mgat4c	1.1782744487529	0.143889031136511	688	0	0	542.5	373240	699
midn	-0.710711735223343	0.235941335178251	330	0	0	542.5	179025	400
mprip	2.36810361647937	0.319701509235569	177	0	0	542.5	96022.5	286
msi2	0.616943958274909	0.381428867457053	122	0.00259351111056543	0.00259351111056543	248	30256	147
mtcl1	1.09252191559174	0.140513728042456	700	0	0	542.5	379750	711
mtss1	1.96078838374714	0.213278051353676	399	0	0	542.5	216457.5	445
myo1d	-1.49738774396107	0.21147850095425	406	0	0	542.5	220255	450
myt1l	1.62269648580843	0.275277591620598	247	-0.0181445648143	0.0181445648143	214	52858	201
nbea	1.15475572431653	0.143220948910861	689	0	0	542.5	373782.5	700
ncan	2.33920999549146	0.325494778799199	170	-0.134209264910583	0.134209264910583	69	11730	97
ncf1	1.07016091493699	0.645182715153475	49	-0.062940859250059	0.062940859250059	140	6860	76
ndrg4	0.0608521065715638	0.174552129603763	568	0	0	542.5	308140	592
nectin1	3.00433870256576	0.194224191397688	476	0	0	542.5	258230	506
negr1	2.91675072206645	0.228994956019236	346	0.0813001706377149	0.0813001706377149	114	39444	162
nell1	1.11834153331417	0.2724139141535	252	0	0	542.5	136710	344
nell2	0.815410830834738	0.18651520670834	518	0	0	542.5	281015	544
neo1	1.28007683414909	0.198842028149665	449	0	0	542.5	243582.5	486
neto1	2.61103067608931	0.156332603978004	645	0	0	542.5	349912.5	661
neurod1	1.15772157534483	0.194251486179296	474	0	0	542.5	257145	505
nfib	0.249626601123569	0.284088976698198	231	0	0	542.5	125317.5	333
nfix	0.277409589399039	0.165173146188879	602	0.0877494560356573	0.0877494560356573	105	63210	225
nhsl1	1.61377012693304	0.455065044197359	84	0.0757090270840513	0.0757090270840513	117	9828	93
nhsl2	1.30951670170126	0.160973161922331	625	0.0270518189848711	0.0270518189848711	200	125000	332
nkain2	1.80945560271577	0.191295589894902	490	0	0	542.5	265825	519
nlgn1	-0.326240975607121	0.201368648424856	437	0.0486949748241329	0.0486949748241329	156	68172	239
nlgn2	0.192129661116288	0.262037837609614	270	0	0	542.5	146475	355
nlgn3	0.598910734787494	0.210449978673228	411	0	0	542.5	222967.5	454
npas3	0.906628613508303	0.175619672515766	563	0	0	542.5	305427.5	587
npr1	0.464224786955721	0.190212684730015	498	0	0	542.5	270165	525
nr3c2	-0.769494811342048	0.23893389715209	322	0	0	542.5	174685	392
nrp1	0.419656385614399	0.211829571650168	405	0	0	542.5	219712.5	449
nrxn1	-0.256972447944822	0.174387188372645	569	0	0	542.5	308682.5	593
ntrk2	-0.78796075096549	0.216376838080579	391	-0.0822615947687112	0.0822615947687112	110	43010	171
ntrk3	0.289611282916484	0.192704063433634	486	0	0	542.5	263655	515
nwd2	-0.233709928600929	0.219598390900092	379	0	0	542.5	205607.5	435
nyap2	2.12947650091162	0.403758474348815	111	-0.238707095961573	0.238707095961573	29	3219	50
papd5	1.14603398596704	0.350965123971697	144	0	0	542.5	78120	254
pbx1	1.30822099746619	0.165522958907158	601	0	0	542.5	326042.5	621
pbx3	2.0454878209701	0.17572657837468	562	0	0	542.5	304885	586
pbxip1	0.755045607247848	0.383099932388294	120	0.264303360841948	0.264303360841948	24	2880	47
pcbp1	1.11506962966946	0.152067914391643	667	0	0	542.5	361847.5	680
pcdh15	6.06560114062384	0.944512784158731	26	0.30350949399297	0.30350949399297	16	416	17
pcdh17	0.870475647062092	0.347176236454211	150	0.0703105522904018	0.0703105522904018	127	19050	126
pcdh19	2.42672975997738	0.147387190805546	680	0	0	542.5	368900	692
pcdh7	0.0742165982987854	0.164809960491407	603	0	0	542.5	327127.5	622
pcdh9	-0.0349565660753921	0.356693102473052	141	-0.0711507605505417	0.0711507605505417	125	17625	120
pde2a	0.351889022765622	0.213536238603548	398	0	0	542.5	215915	444
pde4a	0.485455318723836	0.111690681358376	784	-0.0301649637053125	0.0301649637053125	188	147392	356
phactr3	1.45077185807672	0.137806584034087	711	-0.0452091214453302	0.0452091214453302	163	115893	319
pitpnm3	-0.223078740995582	0.142868302613279	690	0	0	542.5	374325	701
pknox2	0.66785261583736	0.18453450647378	525	0	0	542.5	284812.5	551
pkp4	0.0691690825097	0.13133861837273	732	0	0	542.5	397110	740
plcb1	-0.282283592051004	0.303570275309927	204	0	0	542.5	110670	310
plcb4	0.852970089724506	0.130396423442144	733	0	0	542.5	397652.5	741
plekha7	-0.23785931027489	0.421645772315123	96	0	0	542.5	52080	199
plpp3	0.793192047363673	0.129010240825435	741	0	0	542.5	401992.5	749
plppr1	1.52975348789532	0.125328824723547	757	0	0	542.5	410672.5	764
plxna1	-0.686830618369199	0.179151253163257	545	0	0	542.5	295662.5	570
ppara	1.87473230008811	0.392693123915709	117	0	0	542.5	63472.5	226
ppfia2	0.906148592451764	0.304001547617241	203	0.00118325531637968	0.00118325531637968	256	51968	198
ppfia4	-1.15007863413397	0.0957639300487447	811	0	0	542.5	439967.5	812
ppm1e	0.220477552021614	0.316035992040478	182	0	0	542.5	98735	289
ppp1r16b	0.455667597061148	0.358575011462909	138	0.0475048905644932	0.0475048905644932	160	22080	132
prkcb	-0.285534445934307	0.43783362989664	89	0.0471555203995368	0.0471555203995368	161	14329	110
psap	0.886232294431042	0.386665900347904	119	0.0943326312481341	0.0943326312481341	99	11781	99
ptk7	1.96637634398534	0.181221801916281	533	0	0	542.5	289152.5	558
ptprd	0.251339057132048	0.267000369879665	261	-0.0404185884766316	0.0404185884766316	172	44892	176
ptprn2	0.974214157004471	0.22128715881095	371	-0.053778672116883	0.053778672116883	149	55279	208
pvalb	-0.0868969122528249	0.315979979076956	184	0	0	542.5	99820	292
pxdc1	0.399829866788139	0.380551422649903	124	0	0	542.5	67270	235
rab20	2.39174630600495	0.570438398852912	59	-0.217839006912934	0.217839006912934	34	2006	37
ralyl	-0.802910856328728	0.148056096375851	676	0	0	542.5	366730	688
ramp1	1.23821343447613	0.188235488713722	507	-0.0309369338776518	0.0309369338776518	186	94302	282
raver2	1.22155577633526	0.202967949074715	428	0	0	542.5	232190	469
rbfox3	0.442835224639241	0.270552160707283	257	0	0	542.5	139422.5	347
rbms3	2.75469593312445	0.593728999309177	55	0.174026749597584	0.174026749597584	50	2750	46
reln	1.51955838720745	0.129700512980442	738	0	0	542.5	400365	746
rem2	-0.119816210944643	0.118653796363512	769	0	0	542.5	417182.5	774
rfx2	0.714116792030927	0.1128099311612	782	0	0	542.5	424235	786
rgs7	1.03005966468336	0.139369925737198	703	0	0	542.5	381377.5	714
rimbp2	1.48915383058434	0.19323685297627	482	0	0	542.5	261485	511
rims2	1.18208514869613	0.304429697945687	202	0.0102692756529521	0.0102692756529521	232	46864	185
rims3	0.510529181180084	0.0973897792561852	810	0	0	542.5	439425	811
rims4	3.50783255512303	0.824442304041819	32	0	0	542.5	17360	119
rnf213	7.23173255505835	2.97897396441564	6	-0.321563244743611	0.321563244743611	11	66	5
robo1	1.49273192507952	0.180241386408105	538	0	0	542.5	291865	563
robo2	0.63657938808746	0.221773444700955	369	0	0	542.5	200182.5	428
rora	-0.0871172160037074	0.328775519536005	167	0	0	542.5	90597.5	277
rpl11	-0.945015204350904	0.234094598104833	331	0	0	542.5	179567.5	401
rpl14	-0.701646210565446	0.18970868831672	502	0	0	542.5	272335	529
rpl17	-0.582337049517838	0.23932122000815	321	0	0	542.5	174142.5	391
rpl23	2.26303534613781	0.366462980356863	132	0	0	542.5	71610	247
rpl29	-0.153034053999207	0.156768562235362	643	0	0	542.5	348827.5	659
rpl31	2.05057119527866	0.317108758340569	181	0.000648348086063269	0.000648348086063269	257	46517	181
rpl35a	-0.0711503751956793	0.320609985584702	174	0	0	542.5	94395	283
rps11	-0.420822148879575	0.335401963440006	160	0	0	542.5	86800	269
rps28	0.279527520878412	0.28876358777675	221	-0.118445638809479	0.118445638809479	76	16796	116
rps29	1.86129053264681	0.22481032771968	359	0	0	542.5	194757.5	419
rtn4r	0.630487931062904	0.151927123175338	669	0	0	542.5	362932.5	682
rxra	-0.259269404973195	0.31867105075926	178	0	0	542.5	96565	287
s100b	1.65146814940557	0.222264523581898	368	0	0	542.5	199640	427
samd12	1.6664639071378	0.152302745305161	664	0	0	542.5	360220	678
sash1	2.52910419486845	0.244214002175214	311	-0.011711619822149	0.011711619822149	228	70908	246
scube1	0.628888588186137	0.346539915604415	151	-0.155475022681276	0.155475022681276	63	9513	89
sdk2	0.148891338839266	0.212702465727978	402	-0.0981289328923263	0.0981289328923263	94	37788	156
sema4b	3.89552446102875	0.544579495012358	63	-0.216233654819062	0.216233654819062	36	2268	43
sema4d	-0.922260404963356	0.178153448917685	552	0	0	542.5	299460	577
sema5a	1.43675488683144	0.464394851839565	80	0.0753813972647918	0.0753813972647918	118	9440	87
sema5b	-0.242023403491014	0.229291485692888	344	0	0	542.5	186620	410
sema6a	0.406419600067813	0.311387828215501	192	0.0132835119778152	0.0132835119778152	223	42816	169
sema6b	-0.342154548283457	0.142652239849042	691	0	0	542.5	374867.5	702
sema6c	1.02990985199958	0.142191282726766	694	0	0	542.5	376495	705
setbp1	1.44127420046033	0.220440258288318	375	-0.0115805552698816	0.0115805552698816	230	86250	267
SexM	3.3820936326907	0.852056318296733	31	0	0	542.5	16817.5	117
sez6	1.60946406586798	0.15590885046452	649	0	0	542.5	352082.5	665
sftpb	1.56117733336708	1.02680525376521	23	-0.0694924384869066	0.0694924384869066	129	2967	48
sgcz	0.999343901325099	0.201831866222644	436	0	0	542.5	236530	475
sgk1	2.18667701187144	0.362107326802295	137	0.203720386081612	0.203720386081612	40	5480	66
sh3gl2	0.200420609291249	0.204212894130594	423	0	0	542.5	229477.5	464
sh3pxd2b	1.27378231345833	0.236983932214907	325	-0.00212222320369262	0.00212222320369262	251	81575	262
shank1	-0.236332643428459	0.19740581327203	455	0	0	542.5	246837.5	492
shank2	2.40222405199684	0.22945757281735	343	0	0	542.5	186077.5	409
shank3	1.07363841921183	0.27367701176466	249	0	0	542.5	135082.5	342
shisa9	1.09051719073906	0.195956858549005	461	0	0	542.5	250092.5	496
slc12a5	-0.593963782333594	0.13930577858945	704	0	0	542.5	381920	715
slc1a2	1.49223489098214	0.33200131353837	164	0	0	542.5	88970	274
slc4a2	0.0041635785447272	0.420981552273265	97	0	0	542.5	52622.5	200
slc6a1	2.66026896905346	0.300982598502128	208	0	0	542.5	112840	312
slc6a11	0.383668795786005	0.149489183569585	673	0	0	542.5	365102.5	685
slc6a9	0.319966619663961	0.210562652336376	410	-0.0917681209772871	0.0917681209772871	102	41820	166
slc8a1	-0.398846155144029	0.259372832546774	273	0	0	542.5	148102.5	357
snap25	1.91244386924626	0.161439551779154	619	0	0	542.5	335807.5	637
sorbs2	2.13288981932345	0.105613434329653	797	0	0	542.5	432372.5	798
sorcs2	1.21666858774554	0.346232909615792	152	-0.217331128681138	0.217331128681138	35	5320	64
sox5	0.352255451078089	0.224121892973877	361	0	0	542.5	195842.5	421
sox6	0.0895912668152521	0.222910474637295	367	0	0	542.5	199097.5	426
sphkap	0.463116894086014	0.225659416563377	355	0	0	542.5	192587.5	416
spock1	-0.585467410737406	0.163260030621264	612	0	0	542.5	332010	630
spsb4	-1.70816761282074	0.149981880404687	672	0	0	542.5	364560	684
srpk2	-0.728406467450369	0.362668006366344	135	0.113684708270308	0.113684708270308	86	11610	96
srrm3	-0.242251324225357	0.174062041106806	573	0.114625310903707	0.114625310903707	85	48705	189
srrm4	0.40508665001131	0.31147910624145	191	0	0	542.5	103617.5	300
st6gal2	1.33128508801283	0.721804309757137	44	0.115956714546741	0.115956714546741	81	3564	54
st6galnac3	0.510496858552899	0.185911462016663	519	0	0	542.5	281557.5	545
stat1	-0.544788757656715	0.739070972588599	43	-0.0987044969912423	0.0987044969912423	93	3999	57
strbp	1.0528875658194	0.320461152688742	175	0	0	542.5	94937.5	284
stxbp4	2.27193194863997	0.195218192847074	466	0	0	542.5	252805	500
stxbp5l	0.855494659244872	0.138181669225626	710	0	0	542.5	385175	721
stxbp6	-1.04214321875574	0.223866579987611	362	0	0	542.5	196385	422
syn2	2.00781773583549	0.168713411230133	591	0	0	542.5	320617.5	611
syn3	0.66099240147877	0.136215490266234	716	0	0	542.5	388430	725
syt1	1.00194511123457	0.147419389146087	679	0	0	542.5	368357.5	691
syt7	2.49086754739492	0.349108006897352	148	0	0	542.5	80290	259
tacc2	1.72790589223585	0.189805571267051	501	0	0	542.5	271792.5	528
taldo1	-0.247750784379749	0.318307304164758	179	-0.171177648693049	0.171177648693049	53	9487	88
tanc2	1.52850973803945	0.780056553698096	39	0.0704991426415989	0.0704991426415989	126	4914	61
tbkbp1	2.49797269407645	0.252674080683338	288	-0.00935668717522095	0.00935668717522095	233	67104	234
tcf4	0.785701927237071	0.255992729512648	277	0	0	542.5	150272.5	360
tcf7l1	1.02133910532541	0.22313854999885	365	-0.0191860882659573	0.0191860882659573	212	77380	253
tcf7l2	-1.27747123155484	0.25640166240434	275	0	0	542.5	149187.5	359
tead1	0.193381003871105	0.127894086706419	750	0	0	542.5	406875	757
tenm1	-1.13270103460623	0.136269073605891	715	0.0484901174342112	0.0484901174342112	158	112970	313
tenm2	1.09549229534504	0.141863023656993	696	0	0	542.5	377580	707
tenm4	0.476188084539863	0.129994307056112	736	0	0	542.5	399280	744
tfec	1.71931197107176	0.810977159793276	33	-0.0775531800148091	0.0775531800148091	116	3828	56
thsd7a	0.350405385620012	0.128038815513336	748	0	0	542.5	405790	755
thsd7b	0.986901411490234	0.138875767971058	706	0	0	542.5	383005	717
tln2	1.50795938380549	0.128725689963039	744	0	0	542.5	403620	752
tmeff2	-0.336880286737393	0.0579168041142627	827	0	0	542.5	448647.5	827
tmem145	3.92944721168599	0.782721739953078	37	0.246100815541312	0.246100815541312	27	999	24
tmem214	0.475183685679928	0.193917633101541	478	0	0	542.5	259315	507
tmem86a	0.208143456343251	0.252365101106701	290	0.0514646290378522	0.0514646290378522	153	44370	172
tnr	1.4296730504034	0.206144808144611	421	0	0	542.5	228392.5	463
tox2	1.69009777992024	0.174187703996949	572	0	0	542.5	310310	596
tp53i3	3.14991386818891	1.14157979818121	21	-0.072510998659256	0.072510998659256	122	2562	44
tpm1	-0.47621677858372	0.292470055028631	214	0.116158922327986	0.116158922327986	80	17120	118
trim67	1.03013915352115	0.293026499357165	213	0.0950007307756675	0.0950007307756675	98	20874	128
tshz1	0.918857783528862	0.277631590484048	241	0	0	542.5	130742.5	338
tshz2	1.16949038214304	0.196456501306134	458	0	0	542.5	248465	495
tspan9	2.21008778960944	0.285098481911345	229	0	0	542.5	124232.5	330
ttbk1	-0.18598428519515	0.225507016520654	357	0	0	542.5	193672.5	417
ttll7	2.67358443906952	0.593364533838732	56	-0.0676661949199681	0.0676661949199681	131	7336	79
tub	0.982935974680817	0.195693022655477	463	0.00880842712594936	0.00880842712594936	234	108342	305
tulp1	-1.56976678114974	0.130314652179386	735	0	0	542.5	398737.5	743
uba52	0.59912865360634	0.428909726374563	91	0	0	542.5	49367.5	191
ube2ql1	3.07222490647113	0.458445477627234	83	0.154904557729289	0.154904557729289	65	5395	65
unc13c	0.902940177314577	0.0943840167089325	812	0	0	542.5	440510	813
unc5d	-0.159919927933158	0.200860561170912	439	0	0	542.5	238157.5	477
unc80	-0.0968431768287132	0.167013879720232	598	0	0	542.5	324415	618
vav2	-1.13434968635603	0.245055325981557	309	-0.0123298048318834	0.0123298048318834	227	70143	243
vmp1	0.183687270645246	0.774828695324971	40	-0.204762291638007	0.204762291638007	39	1560	32.5
vstm2l	1.91963615489555	0.200660867521269	441	-0.0323401210919022	0.0323401210919022	183	80703	260
yjefn3	1.82705008210126	0.230328090320539	340	0	0	542.5	184450	407
zbtb46	-0.0284151769129236	0.291619596896772	215	0	0	542.5	116637.5	321
zeb1	-0.509400470343422	0.20092501372709	438	0	0	542.5	237615	476
zfhx3	1.98192054738789	0.597301677417667	54	0.0375078855532622	0.0375078855532622	177	9558	92
zfhx4	1.48963046740572	0.280325561991776	235	-0.00243814357264743	0.00243814357264743	250	58750	220
zfpm2	0.583227695042831	0.128293570105783	746	0.00742470059872996	0.00742470059872996	239	178294	398
zic1	0.440996200052614	0.159174869584522	631	0	0	542.5	342317.5	648
zmat4	2.10094180789902	0.172961615110044	578	-0.0543629732940112	0.0543629732940112	147	84966	266
znf423	1.10916586527733	0.0998389951892271	806	0	0	542.5	437255	807
znf521	1.19291175171003	0.180068632992326	540	0	0	542.5	292950	565
znf804a	1.34911391422068	0.178575456163059	549	0	0	542.5	297832.5	574
znfx1	2.0647873531188	1.30419173398594	18	-0.122014687252889	0.122014687252889	75	1350	30
